{
 "cells": [
  {
   "cell_type": "code",
   "execution_count": 151,
   "metadata": {},
   "outputs": [],
   "source": [
    "import pandas as pd\n",
    "from sklearn.preprocessing import OneHotEncoder \n",
    "#from sklearn.compose import ColumnTransformer\n",
    "from sklearn.linear_model import LogisticRegression\n",
    "from sklearn.model_selection import train_test_split\n",
    "from sklearn.preprocessing import StandardScaler\n",
    "import matplotlib.pyplot as plt\n",
    "import warnings\n",
    "warnings.filterwarnings('ignore')"
   ]
  },
  {
   "cell_type": "code",
   "execution_count": 152,
   "metadata": {},
   "outputs": [],
   "source": [
    "df=pd.read_csv(\"Dataset.csv\")"
   ]
  },
  {
   "cell_type": "code",
   "execution_count": 153,
   "metadata": {},
   "outputs": [],
   "source": [
    "# Encoding of categorical variables\n",
    "df = pd.get_dummies(df, columns=['Col2','Col3','Col7','Col9','Col11','Col12','Col13'], drop_first=True)"
   ]
  },
  {
   "cell_type": "code",
   "execution_count": 155,
   "metadata": {},
   "outputs": [
    {
     "data": {
      "text/plain": [
       "Index(['Col1', 'Col4', 'Col5', 'Col6', 'Col8', 'Col10', 'Target', 'Col2_1',\n",
       "       'Col3_nang', 'Col3_nont', 'Col3_t', 'Col7_1', 'Col7_2', 'Col9_1',\n",
       "       'Col11_2', 'Col11_3', 'Col12_1', 'Col12_2', 'Col12_3', 'Col13_n',\n",
       "       'Col13_r'],\n",
       "      dtype='object')"
      ]
     },
     "execution_count": 155,
     "metadata": {},
     "output_type": "execute_result"
    }
   ],
   "source": [
    "df.columns"
   ]
  },
  {
   "cell_type": "code",
   "execution_count": 6,
   "metadata": {},
   "outputs": [],
   "source": [
    "#In the attached dataset there are 13 independent features: Col1 to Col13.\n",
    "#Features Col2, Col3, Col6, Col7, Col9, Col11, Col12 and Col13 are categorical in nature.\n",
    "#Remaining features are continuous in nature.\n",
    "\n",
    "#You can assume that there features are masked.\n",
    "\n",
    "#It's a classification problem.\n",
    "\n",
    "#Solve below questions in a jupyter notebook and share the solutions with me by 5pm on 22nd May, 2020.\n",
    "#1.\tGet the relationship (for eg correlation) between each independent feature with the Target variable and plot corresponding graphs wherever required.\n",
    "#2.\tUse all the rows as training dataset and fit three different types of classifiers on this data. Do the hyperparameter tuning wherever required to get the best possible version of that classifier for this dataset.\n",
    "#3.\tCompare all three classifiers based on accuracy. Also plot ROC curves for all three classifiers in same graph to compare them.\n"
   ]
  },
  {
   "cell_type": "code",
   "execution_count": 169,
   "metadata": {},
   "outputs": [
    {
     "data": {
      "text/plain": [
       "(297, 21)"
      ]
     },
     "execution_count": 169,
     "metadata": {},
     "output_type": "execute_result"
    }
   ],
   "source": [
    "df.shape"
   ]
  },
  {
   "cell_type": "code",
   "execution_count": 170,
   "metadata": {},
   "outputs": [
    {
     "data": {
      "text/html": [
       "<div>\n",
       "<style scoped>\n",
       "    .dataframe tbody tr th:only-of-type {\n",
       "        vertical-align: middle;\n",
       "    }\n",
       "\n",
       "    .dataframe tbody tr th {\n",
       "        vertical-align: top;\n",
       "    }\n",
       "\n",
       "    .dataframe thead th {\n",
       "        text-align: right;\n",
       "    }\n",
       "</style>\n",
       "<table border=\"1\" class=\"dataframe\">\n",
       "  <thead>\n",
       "    <tr style=\"text-align: right;\">\n",
       "      <th></th>\n",
       "      <th>Col1</th>\n",
       "      <th>Col4</th>\n",
       "      <th>Col5</th>\n",
       "      <th>Col6</th>\n",
       "      <th>Col8</th>\n",
       "      <th>Col10</th>\n",
       "      <th>Col2_1</th>\n",
       "      <th>Col3_nang</th>\n",
       "      <th>Col3_nont</th>\n",
       "      <th>Col3_t</th>\n",
       "      <th>Col7_1</th>\n",
       "      <th>Col7_2</th>\n",
       "      <th>Col9_1</th>\n",
       "      <th>Col11_2</th>\n",
       "      <th>Col11_3</th>\n",
       "      <th>Col12_1</th>\n",
       "      <th>Col12_2</th>\n",
       "      <th>Col12_3</th>\n",
       "      <th>Col13_n</th>\n",
       "      <th>Col13_r</th>\n",
       "    </tr>\n",
       "  </thead>\n",
       "  <tbody>\n",
       "    <tr>\n",
       "      <th>Col1</th>\n",
       "      <td>1.000000</td>\n",
       "      <td>0.290476</td>\n",
       "      <td>0.202644</td>\n",
       "      <td>0.132062</td>\n",
       "      <td>-0.394563</td>\n",
       "      <td>0.197123</td>\n",
       "      <td>-0.092399</td>\n",
       "      <td>-0.043181</td>\n",
       "      <td>-0.163227</td>\n",
       "      <td>0.042571</td>\n",
       "      <td>0.083519</td>\n",
       "      <td>0.139295</td>\n",
       "      <td>0.096489</td>\n",
       "      <td>0.171004</td>\n",
       "      <td>0.025612</td>\n",
       "      <td>0.171946</td>\n",
       "      <td>0.222475</td>\n",
       "      <td>0.159356</td>\n",
       "      <td>-0.130333</td>\n",
       "      <td>0.103792</td>\n",
       "    </tr>\n",
       "    <tr>\n",
       "      <th>Col4</th>\n",
       "      <td>0.290476</td>\n",
       "      <td>1.000000</td>\n",
       "      <td>0.131536</td>\n",
       "      <td>0.180860</td>\n",
       "      <td>-0.049108</td>\n",
       "      <td>0.191243</td>\n",
       "      <td>-0.066340</td>\n",
       "      <td>-0.054825</td>\n",
       "      <td>-0.080820</td>\n",
       "      <td>0.149921</td>\n",
       "      <td>0.058025</td>\n",
       "      <td>0.141565</td>\n",
       "      <td>0.066691</td>\n",
       "      <td>0.025511</td>\n",
       "      <td>0.121060</td>\n",
       "      <td>-0.061574</td>\n",
       "      <td>0.086767</td>\n",
       "      <td>0.078892</td>\n",
       "      <td>-0.143474</td>\n",
       "      <td>0.109624</td>\n",
       "    </tr>\n",
       "    <tr>\n",
       "      <th>Col5</th>\n",
       "      <td>0.202644</td>\n",
       "      <td>0.131536</td>\n",
       "      <td>1.000000</td>\n",
       "      <td>0.012708</td>\n",
       "      <td>-0.000075</td>\n",
       "      <td>0.038596</td>\n",
       "      <td>-0.198089</td>\n",
       "      <td>-0.023570</td>\n",
       "      <td>-0.017678</td>\n",
       "      <td>-0.057040</td>\n",
       "      <td>0.032412</td>\n",
       "      <td>0.160217</td>\n",
       "      <td>0.059339</td>\n",
       "      <td>0.041510</td>\n",
       "      <td>-0.051456</td>\n",
       "      <td>0.007881</td>\n",
       "      <td>0.052369</td>\n",
       "      <td>0.093691</td>\n",
       "      <td>0.001379</td>\n",
       "      <td>0.047368</td>\n",
       "    </tr>\n",
       "    <tr>\n",
       "      <th>Col6</th>\n",
       "      <td>0.132062</td>\n",
       "      <td>0.180860</td>\n",
       "      <td>0.012708</td>\n",
       "      <td>1.000000</td>\n",
       "      <td>-0.007842</td>\n",
       "      <td>0.008311</td>\n",
       "      <td>0.038850</td>\n",
       "      <td>0.106259</td>\n",
       "      <td>-0.053990</td>\n",
       "      <td>0.059785</td>\n",
       "      <td>-0.048074</td>\n",
       "      <td>0.073918</td>\n",
       "      <td>-0.000893</td>\n",
       "      <td>-0.054418</td>\n",
       "      <td>0.110477</td>\n",
       "      <td>-0.009506</td>\n",
       "      <td>0.128859</td>\n",
       "      <td>0.080348</td>\n",
       "      <td>-0.072045</td>\n",
       "      <td>0.026522</td>\n",
       "    </tr>\n",
       "    <tr>\n",
       "      <th>Col8</th>\n",
       "      <td>-0.394563</td>\n",
       "      <td>-0.049108</td>\n",
       "      <td>-0.000075</td>\n",
       "      <td>-0.007842</td>\n",
       "      <td>1.000000</td>\n",
       "      <td>-0.347640</td>\n",
       "      <td>-0.060496</td>\n",
       "      <td>0.160943</td>\n",
       "      <td>0.256120</td>\n",
       "      <td>0.080420</td>\n",
       "      <td>-0.121669</td>\n",
       "      <td>-0.057784</td>\n",
       "      <td>-0.384368</td>\n",
       "      <td>-0.423817</td>\n",
       "      <td>-0.056541</td>\n",
       "      <td>-0.196607</td>\n",
       "      <td>-0.056676</td>\n",
       "      <td>-0.176564</td>\n",
       "      <td>0.286684</td>\n",
       "      <td>-0.213956</td>\n",
       "    </tr>\n",
       "    <tr>\n",
       "      <th>Col10</th>\n",
       "      <td>0.197123</td>\n",
       "      <td>0.191243</td>\n",
       "      <td>0.038596</td>\n",
       "      <td>0.008311</td>\n",
       "      <td>-0.347640</td>\n",
       "      <td>1.000000</td>\n",
       "      <td>0.106567</td>\n",
       "      <td>-0.117376</td>\n",
       "      <td>-0.283033</td>\n",
       "      <td>0.083559</td>\n",
       "      <td>0.167555</td>\n",
       "      <td>0.093657</td>\n",
       "      <td>0.289310</td>\n",
       "      <td>0.312656</td>\n",
       "      <td>0.393024</td>\n",
       "      <td>-0.018964</td>\n",
       "      <td>0.214636</td>\n",
       "      <td>0.186832</td>\n",
       "      <td>-0.347874</td>\n",
       "      <td>0.305253</td>\n",
       "    </tr>\n",
       "    <tr>\n",
       "      <th>Col2_1</th>\n",
       "      <td>-0.092399</td>\n",
       "      <td>-0.066340</td>\n",
       "      <td>-0.198089</td>\n",
       "      <td>0.038850</td>\n",
       "      <td>-0.060496</td>\n",
       "      <td>0.106567</td>\n",
       "      <td>1.000000</td>\n",
       "      <td>-0.115054</td>\n",
       "      <td>-0.041925</td>\n",
       "      <td>0.092497</td>\n",
       "      <td>-0.106613</td>\n",
       "      <td>0.045963</td>\n",
       "      <td>0.143581</td>\n",
       "      <td>-0.010357</td>\n",
       "      <td>0.050211</td>\n",
       "      <td>0.104641</td>\n",
       "      <td>-0.015456</td>\n",
       "      <td>0.070798</td>\n",
       "      <td>-0.390730</td>\n",
       "      <td>0.327671</td>\n",
       "    </tr>\n",
       "    <tr>\n",
       "      <th>Col3_nang</th>\n",
       "      <td>-0.043181</td>\n",
       "      <td>-0.054825</td>\n",
       "      <td>-0.023570</td>\n",
       "      <td>0.106259</td>\n",
       "      <td>0.160943</td>\n",
       "      <td>-0.117376</td>\n",
       "      <td>-0.115054</td>\n",
       "      <td>1.000000</td>\n",
       "      <td>-0.276824</td>\n",
       "      <td>-0.180435</td>\n",
       "      <td>-0.007671</td>\n",
       "      <td>-0.087071</td>\n",
       "      <td>-0.257718</td>\n",
       "      <td>-0.079567</td>\n",
       "      <td>-0.025428</td>\n",
       "      <td>0.033300</td>\n",
       "      <td>-0.193621</td>\n",
       "      <td>-0.017642</td>\n",
       "      <td>0.198698</td>\n",
       "      <td>-0.156164</td>\n",
       "    </tr>\n",
       "    <tr>\n",
       "      <th>Col3_nont</th>\n",
       "      <td>-0.163227</td>\n",
       "      <td>-0.080820</td>\n",
       "      <td>-0.017678</td>\n",
       "      <td>-0.053990</td>\n",
       "      <td>0.256120</td>\n",
       "      <td>-0.283033</td>\n",
       "      <td>-0.041925</td>\n",
       "      <td>-0.276824</td>\n",
       "      <td>1.000000</td>\n",
       "      <td>-0.128784</td>\n",
       "      <td>-0.051936</td>\n",
       "      <td>-0.092316</td>\n",
       "      <td>-0.232185</td>\n",
       "      <td>-0.211140</td>\n",
       "      <td>-0.051832</td>\n",
       "      <td>-0.059762</td>\n",
       "      <td>-0.088788</td>\n",
       "      <td>-0.083242</td>\n",
       "      <td>0.217866</td>\n",
       "      <td>-0.204351</td>\n",
       "    </tr>\n",
       "    <tr>\n",
       "      <th>Col3_t</th>\n",
       "      <td>0.042571</td>\n",
       "      <td>0.149921</td>\n",
       "      <td>-0.057040</td>\n",
       "      <td>0.059785</td>\n",
       "      <td>0.080420</td>\n",
       "      <td>0.083559</td>\n",
       "      <td>0.092497</td>\n",
       "      <td>-0.180435</td>\n",
       "      <td>-0.128784</td>\n",
       "      <td>1.000000</td>\n",
       "      <td>-0.033852</td>\n",
       "      <td>0.067871</td>\n",
       "      <td>-0.094329</td>\n",
       "      <td>0.009870</td>\n",
       "      <td>0.067508</td>\n",
       "      <td>-0.061958</td>\n",
       "      <td>0.039870</td>\n",
       "      <td>-0.077851</td>\n",
       "      <td>0.007591</td>\n",
       "      <td>-0.023422</td>\n",
       "    </tr>\n",
       "    <tr>\n",
       "      <th>Col7_1</th>\n",
       "      <td>0.083519</td>\n",
       "      <td>0.058025</td>\n",
       "      <td>0.032412</td>\n",
       "      <td>-0.048074</td>\n",
       "      <td>-0.121669</td>\n",
       "      <td>0.167555</td>\n",
       "      <td>-0.106613</td>\n",
       "      <td>-0.007671</td>\n",
       "      <td>-0.051936</td>\n",
       "      <td>-0.033852</td>\n",
       "      <td>1.000000</td>\n",
       "      <td>-0.114891</td>\n",
       "      <td>0.043202</td>\n",
       "      <td>0.067672</td>\n",
       "      <td>0.081724</td>\n",
       "      <td>0.008801</td>\n",
       "      <td>-0.044755</td>\n",
       "      <td>0.085161</td>\n",
       "      <td>-0.012263</td>\n",
       "      <td>-0.032911</td>\n",
       "    </tr>\n",
       "    <tr>\n",
       "      <th>Col7_2</th>\n",
       "      <td>0.139295</td>\n",
       "      <td>0.141565</td>\n",
       "      <td>0.160217</td>\n",
       "      <td>0.073918</td>\n",
       "      <td>-0.057784</td>\n",
       "      <td>0.093657</td>\n",
       "      <td>0.045963</td>\n",
       "      <td>-0.087071</td>\n",
       "      <td>-0.092316</td>\n",
       "      <td>0.067871</td>\n",
       "      <td>-0.114891</td>\n",
       "      <td>1.000000</td>\n",
       "      <td>0.076351</td>\n",
       "      <td>0.103399</td>\n",
       "      <td>0.044056</td>\n",
       "      <td>0.049634</td>\n",
       "      <td>0.046775</td>\n",
       "      <td>0.085147</td>\n",
       "      <td>-0.021935</td>\n",
       "      <td>0.006471</td>\n",
       "    </tr>\n",
       "    <tr>\n",
       "      <th>Col9_1</th>\n",
       "      <td>0.096489</td>\n",
       "      <td>0.066691</td>\n",
       "      <td>0.059339</td>\n",
       "      <td>-0.000893</td>\n",
       "      <td>-0.384368</td>\n",
       "      <td>0.289310</td>\n",
       "      <td>0.143581</td>\n",
       "      <td>-0.257718</td>\n",
       "      <td>-0.232185</td>\n",
       "      <td>-0.094329</td>\n",
       "      <td>0.043202</td>\n",
       "      <td>0.076351</td>\n",
       "      <td>1.000000</td>\n",
       "      <td>0.248527</td>\n",
       "      <td>0.059978</td>\n",
       "      <td>0.152302</td>\n",
       "      <td>0.098640</td>\n",
       "      <td>0.013408</td>\n",
       "      <td>-0.325755</td>\n",
       "      <td>0.301283</td>\n",
       "    </tr>\n",
       "    <tr>\n",
       "      <th>Col11_2</th>\n",
       "      <td>0.171004</td>\n",
       "      <td>0.025511</td>\n",
       "      <td>0.041510</td>\n",
       "      <td>-0.054418</td>\n",
       "      <td>-0.423817</td>\n",
       "      <td>0.312656</td>\n",
       "      <td>-0.010357</td>\n",
       "      <td>-0.079567</td>\n",
       "      <td>-0.211140</td>\n",
       "      <td>0.009870</td>\n",
       "      <td>0.067672</td>\n",
       "      <td>0.103399</td>\n",
       "      <td>0.248527</td>\n",
       "      <td>1.000000</td>\n",
       "      <td>-0.255244</td>\n",
       "      <td>0.081953</td>\n",
       "      <td>0.070193</td>\n",
       "      <td>0.101726</td>\n",
       "      <td>-0.266899</td>\n",
       "      <td>0.207337</td>\n",
       "    </tr>\n",
       "    <tr>\n",
       "      <th>Col11_3</th>\n",
       "      <td>0.025612</td>\n",
       "      <td>0.121060</td>\n",
       "      <td>-0.051456</td>\n",
       "      <td>0.110477</td>\n",
       "      <td>-0.056541</td>\n",
       "      <td>0.393024</td>\n",
       "      <td>0.050211</td>\n",
       "      <td>-0.025428</td>\n",
       "      <td>-0.051832</td>\n",
       "      <td>0.067508</td>\n",
       "      <td>0.081724</td>\n",
       "      <td>0.044056</td>\n",
       "      <td>0.059978</td>\n",
       "      <td>-0.255244</td>\n",
       "      <td>1.000000</td>\n",
       "      <td>-0.082469</td>\n",
       "      <td>-0.027010</td>\n",
       "      <td>0.030706</td>\n",
       "      <td>-0.094986</td>\n",
       "      <td>0.050390</td>\n",
       "    </tr>\n",
       "    <tr>\n",
       "      <th>Col12_1</th>\n",
       "      <td>0.171946</td>\n",
       "      <td>-0.061574</td>\n",
       "      <td>0.007881</td>\n",
       "      <td>-0.009506</td>\n",
       "      <td>-0.196607</td>\n",
       "      <td>-0.018964</td>\n",
       "      <td>0.104641</td>\n",
       "      <td>0.033300</td>\n",
       "      <td>-0.059762</td>\n",
       "      <td>-0.061958</td>\n",
       "      <td>0.008801</td>\n",
       "      <td>0.049634</td>\n",
       "      <td>0.152302</td>\n",
       "      <td>0.081953</td>\n",
       "      <td>-0.082469</td>\n",
       "      <td>1.000000</td>\n",
       "      <td>-0.202747</td>\n",
       "      <td>-0.142229</td>\n",
       "      <td>-0.112868</td>\n",
       "      <td>0.114208</td>\n",
       "    </tr>\n",
       "    <tr>\n",
       "      <th>Col12_2</th>\n",
       "      <td>0.222475</td>\n",
       "      <td>0.086767</td>\n",
       "      <td>0.052369</td>\n",
       "      <td>0.128859</td>\n",
       "      <td>-0.056676</td>\n",
       "      <td>0.214636</td>\n",
       "      <td>-0.015456</td>\n",
       "      <td>-0.193621</td>\n",
       "      <td>-0.088788</td>\n",
       "      <td>0.039870</td>\n",
       "      <td>-0.044755</td>\n",
       "      <td>0.046775</td>\n",
       "      <td>0.098640</td>\n",
       "      <td>0.070193</td>\n",
       "      <td>-0.027010</td>\n",
       "      <td>-0.202747</td>\n",
       "      <td>1.000000</td>\n",
       "      <td>-0.102924</td>\n",
       "      <td>-0.141553</td>\n",
       "      <td>0.109389</td>\n",
       "    </tr>\n",
       "    <tr>\n",
       "      <th>Col12_3</th>\n",
       "      <td>0.159356</td>\n",
       "      <td>0.078892</td>\n",
       "      <td>0.093691</td>\n",
       "      <td>0.080348</td>\n",
       "      <td>-0.176564</td>\n",
       "      <td>0.186832</td>\n",
       "      <td>0.070798</td>\n",
       "      <td>-0.017642</td>\n",
       "      <td>-0.083242</td>\n",
       "      <td>-0.077851</td>\n",
       "      <td>0.085161</td>\n",
       "      <td>0.085147</td>\n",
       "      <td>0.013408</td>\n",
       "      <td>0.101726</td>\n",
       "      <td>0.030706</td>\n",
       "      <td>-0.142229</td>\n",
       "      <td>-0.102924</td>\n",
       "      <td>1.000000</td>\n",
       "      <td>-0.136273</td>\n",
       "      <td>0.117384</td>\n",
       "    </tr>\n",
       "    <tr>\n",
       "      <th>Col13_n</th>\n",
       "      <td>-0.130333</td>\n",
       "      <td>-0.143474</td>\n",
       "      <td>0.001379</td>\n",
       "      <td>-0.072045</td>\n",
       "      <td>0.286684</td>\n",
       "      <td>-0.347874</td>\n",
       "      <td>-0.390730</td>\n",
       "      <td>0.198698</td>\n",
       "      <td>0.217866</td>\n",
       "      <td>0.007591</td>\n",
       "      <td>-0.012263</td>\n",
       "      <td>-0.021935</td>\n",
       "      <td>-0.325755</td>\n",
       "      <td>-0.266899</td>\n",
       "      <td>-0.094986</td>\n",
       "      <td>-0.112868</td>\n",
       "      <td>-0.141553</td>\n",
       "      <td>-0.136273</td>\n",
       "      <td>1.000000</td>\n",
       "      <td>-0.882692</td>\n",
       "    </tr>\n",
       "    <tr>\n",
       "      <th>Col13_r</th>\n",
       "      <td>0.103792</td>\n",
       "      <td>0.109624</td>\n",
       "      <td>0.047368</td>\n",
       "      <td>0.026522</td>\n",
       "      <td>-0.213956</td>\n",
       "      <td>0.305253</td>\n",
       "      <td>0.327671</td>\n",
       "      <td>-0.156164</td>\n",
       "      <td>-0.204351</td>\n",
       "      <td>-0.023422</td>\n",
       "      <td>-0.032911</td>\n",
       "      <td>0.006471</td>\n",
       "      <td>0.301283</td>\n",
       "      <td>0.207337</td>\n",
       "      <td>0.050390</td>\n",
       "      <td>0.114208</td>\n",
       "      <td>0.109389</td>\n",
       "      <td>0.117384</td>\n",
       "      <td>-0.882692</td>\n",
       "      <td>1.000000</td>\n",
       "    </tr>\n",
       "  </tbody>\n",
       "</table>\n",
       "</div>"
      ],
      "text/plain": [
       "               Col1      Col4      Col5      Col6      Col8     Col10  \\\n",
       "Col1       1.000000  0.290476  0.202644  0.132062 -0.394563  0.197123   \n",
       "Col4       0.290476  1.000000  0.131536  0.180860 -0.049108  0.191243   \n",
       "Col5       0.202644  0.131536  1.000000  0.012708 -0.000075  0.038596   \n",
       "Col6       0.132062  0.180860  0.012708  1.000000 -0.007842  0.008311   \n",
       "Col8      -0.394563 -0.049108 -0.000075 -0.007842  1.000000 -0.347640   \n",
       "Col10      0.197123  0.191243  0.038596  0.008311 -0.347640  1.000000   \n",
       "Col2_1    -0.092399 -0.066340 -0.198089  0.038850 -0.060496  0.106567   \n",
       "Col3_nang -0.043181 -0.054825 -0.023570  0.106259  0.160943 -0.117376   \n",
       "Col3_nont -0.163227 -0.080820 -0.017678 -0.053990  0.256120 -0.283033   \n",
       "Col3_t     0.042571  0.149921 -0.057040  0.059785  0.080420  0.083559   \n",
       "Col7_1     0.083519  0.058025  0.032412 -0.048074 -0.121669  0.167555   \n",
       "Col7_2     0.139295  0.141565  0.160217  0.073918 -0.057784  0.093657   \n",
       "Col9_1     0.096489  0.066691  0.059339 -0.000893 -0.384368  0.289310   \n",
       "Col11_2    0.171004  0.025511  0.041510 -0.054418 -0.423817  0.312656   \n",
       "Col11_3    0.025612  0.121060 -0.051456  0.110477 -0.056541  0.393024   \n",
       "Col12_1    0.171946 -0.061574  0.007881 -0.009506 -0.196607 -0.018964   \n",
       "Col12_2    0.222475  0.086767  0.052369  0.128859 -0.056676  0.214636   \n",
       "Col12_3    0.159356  0.078892  0.093691  0.080348 -0.176564  0.186832   \n",
       "Col13_n   -0.130333 -0.143474  0.001379 -0.072045  0.286684 -0.347874   \n",
       "Col13_r    0.103792  0.109624  0.047368  0.026522 -0.213956  0.305253   \n",
       "\n",
       "             Col2_1  Col3_nang  Col3_nont    Col3_t    Col7_1    Col7_2  \\\n",
       "Col1      -0.092399  -0.043181  -0.163227  0.042571  0.083519  0.139295   \n",
       "Col4      -0.066340  -0.054825  -0.080820  0.149921  0.058025  0.141565   \n",
       "Col5      -0.198089  -0.023570  -0.017678 -0.057040  0.032412  0.160217   \n",
       "Col6       0.038850   0.106259  -0.053990  0.059785 -0.048074  0.073918   \n",
       "Col8      -0.060496   0.160943   0.256120  0.080420 -0.121669 -0.057784   \n",
       "Col10      0.106567  -0.117376  -0.283033  0.083559  0.167555  0.093657   \n",
       "Col2_1     1.000000  -0.115054  -0.041925  0.092497 -0.106613  0.045963   \n",
       "Col3_nang -0.115054   1.000000  -0.276824 -0.180435 -0.007671 -0.087071   \n",
       "Col3_nont -0.041925  -0.276824   1.000000 -0.128784 -0.051936 -0.092316   \n",
       "Col3_t     0.092497  -0.180435  -0.128784  1.000000 -0.033852  0.067871   \n",
       "Col7_1    -0.106613  -0.007671  -0.051936 -0.033852  1.000000 -0.114891   \n",
       "Col7_2     0.045963  -0.087071  -0.092316  0.067871 -0.114891  1.000000   \n",
       "Col9_1     0.143581  -0.257718  -0.232185 -0.094329  0.043202  0.076351   \n",
       "Col11_2   -0.010357  -0.079567  -0.211140  0.009870  0.067672  0.103399   \n",
       "Col11_3    0.050211  -0.025428  -0.051832  0.067508  0.081724  0.044056   \n",
       "Col12_1    0.104641   0.033300  -0.059762 -0.061958  0.008801  0.049634   \n",
       "Col12_2   -0.015456  -0.193621  -0.088788  0.039870 -0.044755  0.046775   \n",
       "Col12_3    0.070798  -0.017642  -0.083242 -0.077851  0.085161  0.085147   \n",
       "Col13_n   -0.390730   0.198698   0.217866  0.007591 -0.012263 -0.021935   \n",
       "Col13_r    0.327671  -0.156164  -0.204351 -0.023422 -0.032911  0.006471   \n",
       "\n",
       "             Col9_1   Col11_2   Col11_3   Col12_1   Col12_2   Col12_3  \\\n",
       "Col1       0.096489  0.171004  0.025612  0.171946  0.222475  0.159356   \n",
       "Col4       0.066691  0.025511  0.121060 -0.061574  0.086767  0.078892   \n",
       "Col5       0.059339  0.041510 -0.051456  0.007881  0.052369  0.093691   \n",
       "Col6      -0.000893 -0.054418  0.110477 -0.009506  0.128859  0.080348   \n",
       "Col8      -0.384368 -0.423817 -0.056541 -0.196607 -0.056676 -0.176564   \n",
       "Col10      0.289310  0.312656  0.393024 -0.018964  0.214636  0.186832   \n",
       "Col2_1     0.143581 -0.010357  0.050211  0.104641 -0.015456  0.070798   \n",
       "Col3_nang -0.257718 -0.079567 -0.025428  0.033300 -0.193621 -0.017642   \n",
       "Col3_nont -0.232185 -0.211140 -0.051832 -0.059762 -0.088788 -0.083242   \n",
       "Col3_t    -0.094329  0.009870  0.067508 -0.061958  0.039870 -0.077851   \n",
       "Col7_1     0.043202  0.067672  0.081724  0.008801 -0.044755  0.085161   \n",
       "Col7_2     0.076351  0.103399  0.044056  0.049634  0.046775  0.085147   \n",
       "Col9_1     1.000000  0.248527  0.059978  0.152302  0.098640  0.013408   \n",
       "Col11_2    0.248527  1.000000 -0.255244  0.081953  0.070193  0.101726   \n",
       "Col11_3    0.059978 -0.255244  1.000000 -0.082469 -0.027010  0.030706   \n",
       "Col12_1    0.152302  0.081953 -0.082469  1.000000 -0.202747 -0.142229   \n",
       "Col12_2    0.098640  0.070193 -0.027010 -0.202747  1.000000 -0.102924   \n",
       "Col12_3    0.013408  0.101726  0.030706 -0.142229 -0.102924  1.000000   \n",
       "Col13_n   -0.325755 -0.266899 -0.094986 -0.112868 -0.141553 -0.136273   \n",
       "Col13_r    0.301283  0.207337  0.050390  0.114208  0.109389  0.117384   \n",
       "\n",
       "            Col13_n   Col13_r  \n",
       "Col1      -0.130333  0.103792  \n",
       "Col4      -0.143474  0.109624  \n",
       "Col5       0.001379  0.047368  \n",
       "Col6      -0.072045  0.026522  \n",
       "Col8       0.286684 -0.213956  \n",
       "Col10     -0.347874  0.305253  \n",
       "Col2_1    -0.390730  0.327671  \n",
       "Col3_nang  0.198698 -0.156164  \n",
       "Col3_nont  0.217866 -0.204351  \n",
       "Col3_t     0.007591 -0.023422  \n",
       "Col7_1    -0.012263 -0.032911  \n",
       "Col7_2    -0.021935  0.006471  \n",
       "Col9_1    -0.325755  0.301283  \n",
       "Col11_2   -0.266899  0.207337  \n",
       "Col11_3   -0.094986  0.050390  \n",
       "Col12_1   -0.112868  0.114208  \n",
       "Col12_2   -0.141553  0.109389  \n",
       "Col12_3   -0.136273  0.117384  \n",
       "Col13_n    1.000000 -0.882692  \n",
       "Col13_r   -0.882692  1.000000  "
      ]
     },
     "execution_count": 170,
     "metadata": {},
     "output_type": "execute_result"
    }
   ],
   "source": [
    "df.corr()"
   ]
  },
  {
   "cell_type": "code",
   "execution_count": 171,
   "metadata": {},
   "outputs": [],
   "source": [
    "Y= df['Target']"
   ]
  },
  {
   "cell_type": "code",
   "execution_count": 172,
   "metadata": {},
   "outputs": [],
   "source": [
    "X= df.loc[:, df.columns != 'Target']"
   ]
  },
  {
   "cell_type": "code",
   "execution_count": 160,
   "metadata": {},
   "outputs": [],
   "source": [
    "#X_train, X_test, Y_train, Y_test = train_test_split(X, Y, test_size = .30, random_state = 40)"
   ]
  },
  {
   "cell_type": "code",
   "execution_count": 173,
   "metadata": {},
   "outputs": [],
   "source": [
    "from sklearn.model_selection import GridSearchCV\n",
    "from sklearn.ensemble import RandomForestClassifier\n",
    "# Create the parameter grid based on the results of random search \n",
    "param_grid = {\n",
    "    'bootstrap': [True],\n",
    "    'max_depth': [80, 90, 100, 110],\n",
    "    'max_features': [2, 3],\n",
    "    'min_samples_leaf': [3, 4, 5],\n",
    "    'min_samples_split': [8, 10, 12],\n",
    "    'n_estimators': [100, 200, 300, 1000]\n",
    "}"
   ]
  },
  {
   "cell_type": "code",
   "execution_count": 174,
   "metadata": {},
   "outputs": [],
   "source": [
    "# Create a based model\n",
    "rf = RandomForestClassifier()\n",
    "# Instantiate the grid search model\n",
    "grid_search = GridSearchCV(estimator = rf, param_grid = param_grid, \n",
    "                          cv = 3, n_jobs = -1, verbose = 2)"
   ]
  },
  {
   "cell_type": "code",
   "execution_count": 175,
   "metadata": {},
   "outputs": [
    {
     "name": "stdout",
     "output_type": "stream",
     "text": [
      "Fitting 3 folds for each of 288 candidates, totalling 864 fits\n"
     ]
    },
    {
     "name": "stderr",
     "output_type": "stream",
     "text": [
      "[Parallel(n_jobs=-1)]: Done  33 tasks      | elapsed:   23.6s\n",
      "[Parallel(n_jobs=-1)]: Done 154 tasks      | elapsed:   55.4s\n",
      "[Parallel(n_jobs=-1)]: Done 357 tasks      | elapsed:  1.8min\n",
      "[Parallel(n_jobs=-1)]: Done 640 tasks      | elapsed:  3.0min\n",
      "[Parallel(n_jobs=-1)]: Done 864 out of 864 | elapsed:  4.0min finished\n"
     ]
    },
    {
     "data": {
      "text/plain": [
       "{'bootstrap': True,\n",
       " 'max_depth': 80,\n",
       " 'max_features': 2,\n",
       " 'min_samples_leaf': 3,\n",
       " 'min_samples_split': 8,\n",
       " 'n_estimators': 100}"
      ]
     },
     "execution_count": 175,
     "metadata": {},
     "output_type": "execute_result"
    }
   ],
   "source": [
    "# Fit the grid search to the data\n",
    "grid_search.fit(X, Y)\n",
    "grid_search.best_params_"
   ]
  },
  {
   "cell_type": "code",
   "execution_count": 176,
   "metadata": {},
   "outputs": [],
   "source": [
    "best_grid = grid_search.best_estimator_"
   ]
  },
  {
   "cell_type": "code",
   "execution_count": 177,
   "metadata": {},
   "outputs": [
    {
     "data": {
      "text/plain": [
       "(297, 20)"
      ]
     },
     "execution_count": 177,
     "metadata": {},
     "output_type": "execute_result"
    }
   ],
   "source": [
    "X.shape"
   ]
  },
  {
   "cell_type": "code",
   "execution_count": 178,
   "metadata": {},
   "outputs": [
    {
     "data": {
      "text/plain": [
       "RandomForestClassifier(bootstrap=True, class_weight=None, criterion='gini',\n",
       "            max_depth=80, max_features=2, max_leaf_nodes=None,\n",
       "            min_impurity_decrease=0.0, min_impurity_split=None,\n",
       "            min_samples_leaf=3, min_samples_split=8,\n",
       "            min_weight_fraction_leaf=0.0, n_estimators=100, n_jobs=1,\n",
       "            oob_score=False, random_state=None, verbose=0,\n",
       "            warm_start=False)"
      ]
     },
     "execution_count": 178,
     "metadata": {},
     "output_type": "execute_result"
    }
   ],
   "source": [
    "best_grid"
   ]
  },
  {
   "cell_type": "code",
   "execution_count": 179,
   "metadata": {},
   "outputs": [],
   "source": [
    "rfc=RandomForestClassifier(bootstrap=True, class_weight=None, criterion='gini',\n",
    "            max_depth=80, max_features=2, max_leaf_nodes=None,\n",
    "            min_impurity_decrease=0.0, min_impurity_split=None,\n",
    "            min_samples_leaf=4, min_samples_split=12,\n",
    "            min_weight_fraction_leaf=0.0, n_estimators=200, n_jobs=1,\n",
    "            oob_score=False, random_state=None, verbose=0,\n",
    "            warm_start=False)"
   ]
  },
  {
   "cell_type": "code",
   "execution_count": 180,
   "metadata": {},
   "outputs": [],
   "source": [
    "model=rfc.fit(X_train,Y_train)"
   ]
  },
  {
   "cell_type": "code",
   "execution_count": 181,
   "metadata": {},
   "outputs": [
    {
     "data": {
      "text/plain": [
       "RandomForestClassifier(bootstrap=True, class_weight=None, criterion='gini',\n",
       "            max_depth=80, max_features=2, max_leaf_nodes=None,\n",
       "            min_impurity_decrease=0.0, min_impurity_split=None,\n",
       "            min_samples_leaf=4, min_samples_split=12,\n",
       "            min_weight_fraction_leaf=0.0, n_estimators=200, n_jobs=1,\n",
       "            oob_score=False, random_state=None, verbose=0,\n",
       "            warm_start=False)"
      ]
     },
     "execution_count": 181,
     "metadata": {},
     "output_type": "execute_result"
    }
   ],
   "source": [
    "model"
   ]
  },
  {
   "cell_type": "code",
   "execution_count": 182,
   "metadata": {},
   "outputs": [],
   "source": [
    "y_pred = model.predict(X_test)"
   ]
  },
  {
   "cell_type": "code",
   "execution_count": 183,
   "metadata": {},
   "outputs": [
    {
     "name": "stdout",
     "output_type": "stream",
     "text": [
      "Accuracy of Random Forest on test set: 0.88\n"
     ]
    }
   ],
   "source": [
    "### with class_weight=\"balanced\"\n",
    "print('Accuracy of Random Forest on test set: {:.2f}'.format(rfc.score(X_test,Y_test)))"
   ]
  },
  {
   "cell_type": "code",
   "execution_count": 184,
   "metadata": {},
   "outputs": [
    {
     "name": "stdout",
     "output_type": "stream",
     "text": [
      "[[43  3]\n",
      " [ 8 36]]\n",
      "             precision    recall  f1-score   support\n",
      "\n",
      "          A       0.84      0.93      0.89        46\n",
      "          B       0.92      0.82      0.87        44\n",
      "\n",
      "avg / total       0.88      0.88      0.88        90\n",
      "\n"
     ]
    }
   ],
   "source": [
    "### with class_weight=\"balanced\"\n",
    "from sklearn.metrics import classification_report, confusion_matrix\n",
    "print(confusion_matrix(Y_test, y_pred))\n",
    "print(classification_report(Y_test,y_pred))"
   ]
  },
  {
   "cell_type": "markdown",
   "metadata": {},
   "source": [
    "# ROC Curve"
   ]
  },
  {
   "cell_type": "code",
   "execution_count": 185,
   "metadata": {},
   "outputs": [
    {
     "ename": "ValueError",
     "evalue": "Data is not binary and pos_label is not specified",
     "output_type": "error",
     "traceback": [
      "\u001b[1;31m---------------------------------------------------------------------------\u001b[0m",
      "\u001b[1;31mValueError\u001b[0m                                Traceback (most recent call last)",
      "\u001b[1;32m<ipython-input-185-c0524d4c113f>\u001b[0m in \u001b[0;36m<module>\u001b[1;34m()\u001b[0m\n\u001b[0;32m      1\u001b[0m \u001b[1;32mfrom\u001b[0m \u001b[0msklearn\u001b[0m\u001b[1;33m.\u001b[0m\u001b[0mmetrics\u001b[0m \u001b[1;32mimport\u001b[0m \u001b[0mroc_auc_score\u001b[0m\u001b[1;33m\u001b[0m\u001b[0m\n\u001b[0;32m      2\u001b[0m \u001b[1;32mfrom\u001b[0m \u001b[0msklearn\u001b[0m\u001b[1;33m.\u001b[0m\u001b[0mmetrics\u001b[0m \u001b[1;32mimport\u001b[0m \u001b[0mroc_curve\u001b[0m\u001b[1;33m\u001b[0m\u001b[0m\n\u001b[1;32m----> 3\u001b[1;33m \u001b[0mrf_roc_auc\u001b[0m \u001b[1;33m=\u001b[0m \u001b[0mroc_auc_score\u001b[0m\u001b[1;33m(\u001b[0m\u001b[0mY_test\u001b[0m\u001b[1;33m,\u001b[0m\u001b[0my_pred\u001b[0m \u001b[1;33m)\u001b[0m\u001b[1;33m\u001b[0m\u001b[0m\n\u001b[0m\u001b[0;32m      4\u001b[0m \u001b[0mfpr\u001b[0m\u001b[1;33m,\u001b[0m \u001b[0mtpr\u001b[0m\u001b[1;33m,\u001b[0m \u001b[0mthresholds\u001b[0m \u001b[1;33m=\u001b[0m \u001b[0mroc_curve\u001b[0m\u001b[1;33m(\u001b[0m\u001b[0mY_test\u001b[0m\u001b[1;33m,\u001b[0m \u001b[0mmodel\u001b[0m\u001b[1;33m.\u001b[0m\u001b[0mpredict_proba\u001b[0m\u001b[1;33m(\u001b[0m\u001b[0mX_test\u001b[0m\u001b[1;33m)\u001b[0m\u001b[1;33m[\u001b[0m\u001b[1;33m:\u001b[0m\u001b[1;33m,\u001b[0m\u001b[1;36m1\u001b[0m\u001b[1;33m]\u001b[0m\u001b[1;33m)\u001b[0m\u001b[1;33m\u001b[0m\u001b[0m\n\u001b[0;32m      5\u001b[0m \u001b[0mplt\u001b[0m\u001b[1;33m.\u001b[0m\u001b[0mfigure\u001b[0m\u001b[1;33m(\u001b[0m\u001b[1;33m)\u001b[0m\u001b[1;33m\u001b[0m\u001b[0m\n",
      "\u001b[1;32mC:\\ProgramData\\Anaconda3\\lib\\site-packages\\sklearn\\metrics\\ranking.py\u001b[0m in \u001b[0;36mroc_auc_score\u001b[1;34m(y_true, y_score, average, sample_weight)\u001b[0m\n\u001b[0;32m    275\u001b[0m     return _average_binary_score(\n\u001b[0;32m    276\u001b[0m         \u001b[0m_binary_roc_auc_score\u001b[0m\u001b[1;33m,\u001b[0m \u001b[0my_true\u001b[0m\u001b[1;33m,\u001b[0m \u001b[0my_score\u001b[0m\u001b[1;33m,\u001b[0m \u001b[0maverage\u001b[0m\u001b[1;33m,\u001b[0m\u001b[1;33m\u001b[0m\u001b[0m\n\u001b[1;32m--> 277\u001b[1;33m         sample_weight=sample_weight)\n\u001b[0m\u001b[0;32m    278\u001b[0m \u001b[1;33m\u001b[0m\u001b[0m\n\u001b[0;32m    279\u001b[0m \u001b[1;33m\u001b[0m\u001b[0m\n",
      "\u001b[1;32mC:\\ProgramData\\Anaconda3\\lib\\site-packages\\sklearn\\metrics\\base.py\u001b[0m in \u001b[0;36m_average_binary_score\u001b[1;34m(binary_metric, y_true, y_score, average, sample_weight)\u001b[0m\n\u001b[0;32m     73\u001b[0m \u001b[1;33m\u001b[0m\u001b[0m\n\u001b[0;32m     74\u001b[0m     \u001b[1;32mif\u001b[0m \u001b[0my_type\u001b[0m \u001b[1;33m==\u001b[0m \u001b[1;34m\"binary\"\u001b[0m\u001b[1;33m:\u001b[0m\u001b[1;33m\u001b[0m\u001b[0m\n\u001b[1;32m---> 75\u001b[1;33m         \u001b[1;32mreturn\u001b[0m \u001b[0mbinary_metric\u001b[0m\u001b[1;33m(\u001b[0m\u001b[0my_true\u001b[0m\u001b[1;33m,\u001b[0m \u001b[0my_score\u001b[0m\u001b[1;33m,\u001b[0m \u001b[0msample_weight\u001b[0m\u001b[1;33m=\u001b[0m\u001b[0msample_weight\u001b[0m\u001b[1;33m)\u001b[0m\u001b[1;33m\u001b[0m\u001b[0m\n\u001b[0m\u001b[0;32m     76\u001b[0m \u001b[1;33m\u001b[0m\u001b[0m\n\u001b[0;32m     77\u001b[0m     \u001b[0mcheck_consistent_length\u001b[0m\u001b[1;33m(\u001b[0m\u001b[0my_true\u001b[0m\u001b[1;33m,\u001b[0m \u001b[0my_score\u001b[0m\u001b[1;33m,\u001b[0m \u001b[0msample_weight\u001b[0m\u001b[1;33m)\u001b[0m\u001b[1;33m\u001b[0m\u001b[0m\n",
      "\u001b[1;32mC:\\ProgramData\\Anaconda3\\lib\\site-packages\\sklearn\\metrics\\ranking.py\u001b[0m in \u001b[0;36m_binary_roc_auc_score\u001b[1;34m(y_true, y_score, sample_weight)\u001b[0m\n\u001b[0;32m    270\u001b[0m \u001b[1;33m\u001b[0m\u001b[0m\n\u001b[0;32m    271\u001b[0m         fpr, tpr, tresholds = roc_curve(y_true, y_score,\n\u001b[1;32m--> 272\u001b[1;33m                                         sample_weight=sample_weight)\n\u001b[0m\u001b[0;32m    273\u001b[0m         \u001b[1;32mreturn\u001b[0m \u001b[0mauc\u001b[0m\u001b[1;33m(\u001b[0m\u001b[0mfpr\u001b[0m\u001b[1;33m,\u001b[0m \u001b[0mtpr\u001b[0m\u001b[1;33m,\u001b[0m \u001b[0mreorder\u001b[0m\u001b[1;33m=\u001b[0m\u001b[1;32mTrue\u001b[0m\u001b[1;33m)\u001b[0m\u001b[1;33m\u001b[0m\u001b[0m\n\u001b[0;32m    274\u001b[0m \u001b[1;33m\u001b[0m\u001b[0m\n",
      "\u001b[1;32mC:\\ProgramData\\Anaconda3\\lib\\site-packages\\sklearn\\metrics\\ranking.py\u001b[0m in \u001b[0;36mroc_curve\u001b[1;34m(y_true, y_score, pos_label, sample_weight, drop_intermediate)\u001b[0m\n\u001b[0;32m    532\u001b[0m     \"\"\"\n\u001b[0;32m    533\u001b[0m     fps, tps, thresholds = _binary_clf_curve(\n\u001b[1;32m--> 534\u001b[1;33m         y_true, y_score, pos_label=pos_label, sample_weight=sample_weight)\n\u001b[0m\u001b[0;32m    535\u001b[0m \u001b[1;33m\u001b[0m\u001b[0m\n\u001b[0;32m    536\u001b[0m     \u001b[1;31m# Attempt to drop thresholds corresponding to points in between and\u001b[0m\u001b[1;33m\u001b[0m\u001b[1;33m\u001b[0m\u001b[0m\n",
